results 
    ds_whole: without pretrain, use all batches(3556)
        Best F value is [0.3063885267275618] at epoch [12].

    ds_inc: without pretrain, gradually use more batches (1->2->4->...->3566)
        (1)
        0
        0
        0
        0.08269525267991404
        0.08269525267991404
        0.08269525267991404
        0.08269525267991404
        0.08269525267991404
        0.1990811638587366
        0.20203735144352986
        0.2523659305997974
        0.25999999999967577
        0.297554347826176

        (2)
        0
        0
        0
        0.08269525267991404
        0.08269525267991404
        0.08269525267991404
        0.08269525267991404
        0.09036144578318005
        0.17797356828154046
        0.1809701492536494
        0.24528301886754553
        0.24528301886754553
        0.311300639658974

        (3)
        0
        0
        0
        0.08269525267991404
        0.08269525267991404
        0.08269525267991404
        0.08269525267991404
        0.09127789046658012
        0.17801047120375163
        0.19012797075014384
        0.24237427864828723
        0.24237427864828723
        0.3169107856190103



    pretrain_whole: with pretrain, use all batches(3556)
        Best F value is [0.30349206349171515] at epoch [12].

    pretrain_inc: with pretrain, gradually use more batches (1->2->4->...->3566)
        (1) sgd
        0
        0
        0
        0.06409202958094148
        0.06409202958094148
        0.06409202958094148
        0.09450337512060145
        0.11583710407233666
        0.1675392670157085
        0.18630136986252166
        0.23690572119290057
        0.23690572119290057
        0.30954063604257154

        (2) sgd
        0
        0
        0
        0.0674157303370966
        0.0674157303370966
        0.0674157303370966
        0.0674157303370966
        0.10216110019648703
        0.18773656320963425
        0.18773656320963425
        0.22691292875944277
        0.24335904027384977
        0.3047493403696106

        (3) sgd
        0
        0
        0
        0.0674157303370966
        0.0674157303370966
        0.0674157303370966
        0.0674157303370966
        0.11970534069976634
        0.18008658008706643
        0.18293755496977293
        0.2386554621845453
        0.24958123953117967
        0.3090659340657659
        
        (4) ada
        0
        0
        0.030046948356862717
        0.1069711538459055
        0.12543554006995136
        0.12543554006995136
        0.12543554006995136
        0.12543554006995136
        0.1548936170217043
        0.16428571428614
        0.16428571428614
        0.20308250226640412
        0.22842639593931358

        (5) ada
        0
        0
        0.030046948356862717
        0.1069711538459055
        0.12543554006995136
        0.07917059377936592
        0.0939597315436898
        0.10295519542417876
        0.1548936170217043
        0.16428571428614
        0.15429122468658585
        0.20308250226640412
        0.22842639593931358

